1510053
1511200
1411002
1552367
1513398
1411884
1510291
1413014
61303126
1552029
1410301
1510534
21304246
1513935
1448034
1510947
1412503
61304021
61300089
71303710
1413015
61302421
1752549
1513760
1510524
1414119
1712525
1414824
1552107
1413623
1412659
1411650
1513932
1412121
1411272
1410514
1448084
1412495
1412750
21301776
21300741
1511605
1412718
81302339
21303498
1511788
1411102
1752599
1700199
1719018
1512351
1411012
K1300711
1412765
1510128
61302860
61304236
61301098
31303340
61302789
1410262
21303807
21302745
1412758
1448085
71301091
21304645
1413402
1414497
1411405
71303457
1512190
1411193
1513703
1513316
1513163
1411997
1412459
1410015
61301093
1514017
1410417
1412910
1711117
1512577
1513324
1414790
1513933
1413031
1512938
71301103
1410519
61301993
21304662
1511202
1411284
81303726
1412034
1513762
1611821
1514005
1514013
1512037
61304327
1410559
1510339
1410144
1610080
1512628
1552243
1510873
1413609
31302498
1613473
1411988
1552345
1412701
81302321
1412749
1412350
81300436
81301087
1414160
1510761
1552003
1410154
61304069
41302093
21300643
1412499
41301986
1412125
1513640
1513366
1412742
61303737
1510855
1412409
1412298
61305034
71301099
61302089
61304075
71301085
1412556
1411343
1512313
1411539
1513643
1412398
1513904
1552052
1412796
1411116
K1302045
1513930
1513646
1414465
1512126
1412712
1511428
1513276
1512800
1513420
21301988
81303456
1412743
21304712
1411688
1511717
1411117
1510956
1414185
1513391
1513991
1552450
21301094
61300291
K1304942
1410349
1513085
61305067
1548034
61300322
1752616
1412757
1413919
1412140
61304465
81301298
1413061
1610013
21304673
1412995
1413233
1412345
1500116
1512309
1513902
1552241
1613976
1511647
1414123
1411994
1414600
1548301
51301284
1412997
1413615
81304982
1648004
1513278
1510059
1611971
1514019
1410347
1413813
21302568
1513113
1510118
1410350
1412703
1410542
1510111
1412637
61303764
1513431
1413002
71300634
71300632
71302407
71304027
1413651
1610951
1412741
61301281
1511063
61300995
1611037
1414463
1512314
1613225
1611368
1611463
1611817
1511687
1510290
1700181
1511326
1413613
K1302779
1412011
1612173
1411645
1612488
1412713
1414485
K1303085
61303929
1513596
1511931
K1304732
1512570
1513905
71304618
71302658
1412404
1612492
1510343
1513585
61304614
1414122
1414187
1612706
1612155
71302609
1512343
61304031
1414452
71303146
21301106
71302069
1514011
1613412
21302673
61302770
1413034
1412700
1413228
1413922
1410344
1552077
1511052
1513608
1511746
1511726
1511716
1511765
1514020
1510069
1613485
1613621
1411093
61302097
1514171
1514002
1414196
1510288
71304799
1510966
1512307
1512118
1513474
1512731
21304028
61305056
1414885
1410536
1413904
31300744
61302804
1511423
1510428
1700241
1513632
1511999
21303717
1510135
1510522
1510627
1710078
1514009
1513942
1511739
1512341
51302567
1513901
1512042
1413632
61304954
1513419
71300204
1414896
1511323
1512045
1510541
1412030
1548023
1513590
1548056
1513416
1548082
1413917
1513992
1412537
1412508
1512329
1414087
1410035
61300534
61302622
1510432
1412346
1512317
1513411
1414464
51303100
1511424
1413004
51301221
61301981
1513361
1411227
1510525
81300358
1412491
1514161
1413890
1512761
1513368
1510628
1413860
1510429
1500059
1413405
1512348
1512184
1548070
1510226
1512052
1510754
1552048
1410354
61301073
1513422
61303976
1510886
1512603
1410328
1512188
1413937
1512732
1413628
1410338
1412510
1411103
1412517
1410515
1513566
1512039
K1303091
K1304018
21303894
21304220
1413925
61302484
1652372
1513638
21303809
1513984
1410365
1512726
61304676
61300439
1713567
1510244
1513912
1511648
1414621
1412788
61302070
1414158
K1303973
1413891
K1301992
K1304054
71304783
21303282
1410742
1413220
1512574
1513631
61302492
61304668
1414625
1612244
1612498
1548063
1513082
1514162
1411114
1511770
1412005
1414451
1512172
1510527
1412223
1513079
1414897
1513373
1510620
61300975
61304244
21303455
1670681
81303310
1412420
1412060
1613672
1510596
1413686
1410291
1413943
1412731
1414146
1414157
1413219
1511087
21302572
1412428
61301396
71302607
1412726
1513072
1412214
1513569
1410384
1411110
1614246
1412507
1513282
1413899
1510091
1652334
1412869
1513895
61304226
1413435
1700147
1700085
71303613
71301681
1513756
1511922
61302073
1648038
1413043
K1302863
71304981
K1301685
1512318
1510623
1510205
1513755
61303709
71302730
1410046
61301053
61302784
41300743
1413607
1411310
1411120
71304636
1412038
71304143
71304039
1413892
1412348
1410345
1411747
1410962
1413966
1410535
21301110
31300375
1413419
1552232
1412248
1414156
1411105
1412247
1410721
1414144
1413165
1513424
1510899
21302223
1512940
1512181
1510718
1413630
1413109
1512414
1514072
1410591
1513960
61303204
1412206
K1304919
1413980
21303338
1611636
1552226
81302138
51300703
31303486
1511147
1511155
1410691
61304165
1513342
1411600
1413546
81300437
1700029
1512661
1412531
1411743
1514077
21303325
81301835
1412454
1413406
1411603
1513218
61301503
1512954
1410161
1510161
1411775
1613788
1510683
1514101
21304820
1414574
61303808
1511346
1510215
1513333
1411687
81305010
1611753
1512270
1413673
1700028
1610327
1610734
81302509
1512539
1510016
1513224
1613938
1410107
1410273
1611695
1510728
1511109
1511952
1514095
1612785
1513487
1511704
1413490
1600019
1514153
1712395
1512946
1414174
1413298
1512299
1511124
1513339
1551114
1611701
1513394
1613743
1512449
1412370
1510355
1511269
1700058
1510929
1700063
1512960
1510263
1414822
1700076
1410171
1511869
21301408
81300819
1510659
1613244
1610205
1511188
1511493
1511758
1700122
1512442
1510168
1512569
1511586
21300669
21303536
21303683
21303306
1610823
1512850
1410343
21303257
1551054
1612716
1512436
1412256
1512880
1413754
81300780
1512249
1548035
1513720
51301036
1510574
1610749
81300275
81300068
1512498
1511345
1513187
1613358
21301963
1512914
21303055
1414254
1733612
1410676
1713539
61303048
1512106
1414556
1510198
61302013
1610345
1512561
1512579
21302236
1410856
1410889
1512936
1513170
41301439
1511823
1412918
1510460
1412978
41301419
21301708
1410855
1512143
1511175
1512509
1513007
1412611
21300238
1412660
1513340
1410854
1710939
81304831
1414427
1611604
1513465
1511459
1512722
1412907
31304504
1512014
1511410
1510492
1612631
1413356
1410857
1513941
1511551
1413677
1410208
1411998
1511443
1710061
1410078
1410957
1410978
1412308
1411609
1411234
81302630
1512231
1600004
1514073
1513751
1500109
21302605
1410393
1413691
1611530
1411381
1413978
1411839
1412163
1513193
31301601
1514038
21300623
1700027
41302942
1610223
1611390
1612233
1511464
1612689
1611025
1552151
1513180
1410525
41303684
1411984
51300532
1712726
21303538
1412880
51301470
1511618
1414391
61304134
1410334
1511796
1611225
1500066
1551036
1512471
1511458
81303960
1510189
1512480
41300255
41303825
1411573
1412855
1411442
1411708
1411479
1511975
1514066
1613157
21302439
1413313
1612198
21301646
1513482
21304313
1600103
21300795
1610257
1511650
1610081
1414021
1512636
1613096
21304360
1610552
1413378
1413094
1413163
1514119
1713688
41304256
1712164
1414719
1512888
1510379
1413788
1413976
1511807
1511489
1510465
1611731
1611573
1411674
1513331
1610386
1610228
1611985
1500099
81304383
61304147
1512995
21303835
21301700
1411916
1511711
1511904
61303373
1511289
41301611
1514097
1450204
1413369
1511132
1511951
41302652
41303839
41303570
31304158
21302843
1414296
1513488
1612049
1414547
1512489
1411810
1412667
1412884
1411779
1611046
1413705
1410660
1410517
1513776
1511659
81302518
1411222
1410467
1412876
1410590
1412164
71303631
1612190
1613535
81301291
1411137
1510449
1411786
81302771
1510051
1513678
1413575
1410907
1513107
1414898
1410507
1412558
1413464
1411836
1413121
1512794
1411870
61303587
1510494
21302367
1610875
21304938
1510605
1612566
1510476
1612759
81302728
1552388
1520012
81301126
1413409
1412110
1414061
21303711
1612372
21303791
1412116
1510742
1413871
1613611
1613906
1512717
1513857
1612484
1612938
1612272
1512828
1652568
1512649
1411052
1510301
1614028
1414403
81302549
1412271
1510383
1411158
81304138
1413830
1510359
1412688
1510008
1410777
81300345
1411188
1414236
1412353
81300389
21303245
1552424
1411454
1511470
81301794
1511714
1411838
1412373
81302038
81302460
21301894
1551006
1411794
1514034
1512247
51303097
21304749
51303392
1548018
1412106
1412437
1410791
1511096
1510021
1411223
1411872
1410375
K1303335
1411180
1513213
1510772
1552360
1751081
1512102
1511135
1513032
1513101
41301180
1511130
1511826
1710703
1510835
21302384
1513027
21302037
1613027
1512230
1511897
1414746
1413725
1413359
1410285
1511676
1500189
21304577
1551040
1611755
1410011
1412776
1411098
1610187
1612363
1613897
1412579
1512411
1512752
1512723
1513687
1511918
1511738
1611249
1612570
1413806
81302684
1510757
1500205
21304570
1613131
1412378
1511800
1512018
81303195
1510095
1411518
61303918
1614132
1414304
81304451
1510818
1412528
1512849
1413975
1510002
1600234
1411138
1411249
1510633
1414333
1511072
1513788
41304559
81301329
61301645
1510182
1413648
1511490
1513732
81302762
1512047
1510258
1552145
1411990
1512746
1410198
1411401
1600001
1410741
1413076
1411471
81300442
1411297
1512556
1412928
1413196
1411562
K1301997
1511517
1511587
1600012
1513838
1413418
1411334
1513215
1512165
21304155
1510791
1513201
1512706
1413787
1511022
21303755
1613121
1411142
1513536
1511327
1410002
1513549
1414031
1511955
1733632
1611588
1610667
1410142
1510517
1414270
1410076
1410402
1412181
41300885
1410572
1510466
1412939
1511753
81303750
1512431
1513401
1414609
1512516
1413847
51302247
1413873
1414775
1410312
1610359
31301892
1412877
1512799
1610387
61305051
1613194
1513744
1512578
1651030
81300329
1412062
1511525
1511141
1413836
61300158
1600271
1610447
1512225
61301731
21303961
21303545
1512725
21303089
1512232
21303303
21303614
61304190
21300470
1414511
1510316
1414226
1414426
1413442
51303233
1513283
81300784
1610573
1512620
61301775
1511000
1414525
1511692
41300897
1610685
41303115
1610623
41301064
1410630
41301475
1513875
41303560
1513395
1511944
1610627
1511208
1652271
41300543
1410283
21304896
41303890
1510321
1511549
1411321
1513094
1411185
1512100
1513260
1411509
1410471
1512439
1410669
1512973
31303813
1513815
1510864
1513160
41300967
1414767
1610697
1510836
41304865
41300955
1414803
1413671
1511008
21300331
1511481
1413377
1513516
1500032
1510073
1414784
1700128
61302246
1512621
1500079
1610877
1513269
81303915
1512532
1510180
1700089
1512959
1510260
1510413
1510569
1414730
1412169
1513849
71300394
41300337
1510573
1413102
1412317
81304174
41304858
1412651
1410010
21300401
1411607
1510807
1412936
1510195
1611008
1411431
1411352
41303296
1510022
1413767
1414545
1410293
1512534
1512468
1414741
1512090
1511061
1414205
1513874
1510693
1411559
1411858
1413241
1610676
1412775
1414402
1414027
1413971
31302689
1510313
1412784
1410246
1600014
1413944
1411985
81302833
1513009
1411216
1412883
1410192
1511295
1510944
1512993
1511079
1611079
1512445
1412636
1511627
1414083
1412931
1611326
1611408
1411949
1511098
1411635
1611553
41304899
21302753
1410930
1611594
81303642
1612038
K1300774
1611682
1513841
1411523
1511755
81302604
1411623
1611866
1450240
1433483
1512275
1412628
1410596
21300730
1511071
51304119
1510416
21300499
21302451
1513139
1410951
1512846
1410800
1413329
1611944
1511508
1410203
1513970
1610900
81303269
81301024
1510230
K1301139
1513663
81303330
81300524
1612094
1513647
1512743
1410166
1512693
1411808
1612102
1413169
1513889
81304830
1510994
51304862
1412363
1511101
51303919
1414376
81304513
41301201
1620022
1500110
61300184
1613925
1552157
81304904
1612229
1412122
1410803
1510255
1511916
1752296
1510480
1511914
31300443
1412269
21300108
1413957
1448022
1414536
1412681
1410562
1411835
1711488
1414495
21304564
51301397
1412824
1510646
1412369
1511977
1511502
1519012
1614249
1413236
1512194
1700235
1512221
1612314
1612364
1513884
1512233
1510703
1710256
K1303205
1612647
1612005
1510439
1510838
1513017
1512965
1510452
1510075
1512285
81300335
1413008
1511393
1512444
1512886
1511047
1510294
1411148
1511123
1412436
1413450
1612729
1413301
1411016
1413112
1612756
1612928
1510844
1512339
1413410
1510166
1410814
1410846
1512405
1414347
1511655
1511709
1510208
81300120
1511277
1512899
31302886
81300776
41302739
41303741
21304914
21300063
41300302
31304378
21303140
1614025
81303578
1610326
1611283
81304129
1712585
1512635
1512670
1410762
81301573
1411475
1512702
1410292
1513001
1510577
1612973
1511948
1511824
1513945
1413218
1510364
1410132
1413526
41300386
1410223
1512193
1613849
1548067
1510005
1410200
1500021
1412583
1450379
1500105
1411144
61300570
1410797
1512263
81303639
1500168
1512783
81301832
1500082
1510562
1510785
1500228
1510484
1511892
21300657
1511774
1552437
1411253
1513118
1512617
1512824
1613635
31304162
1411331
1613308
1512494
71304376
1513513
1613604
1711052
1513866
51300225
1411083
1513665
41303669
1513056
1511419
1613748
1613827
1511845
81304077
41300054
1513081
1552399
1551021
1614097
1614112
1614151
1512839
1511740
1614172
1512652
1712789
1411276
1513198
1412473
1413996
81300079
1410330
1513249
1411451
1412804
61304889
1511805
1610487
1612358
41303350
1412904
21301209
1513264
61301954
51303451
1612362
1411122
1513881
51300947
1513660
1500146
1611266
1410472
1511379
1511452
1513385
1510781
1513505
1710142
1511245
1710069
1411029
1513058
1513705
1513157
1413029
1513008
51302309
1412814
1412564
1412118
1513685
1510780
1410616
1414714
1414754
1410072
1511713
1513861
1510784
1512823
1513023
1511701
81304762
1514154
81304553
1710778
61304095
1511956
1511960
1512281
1511383
1410232
1511156
1414248
1511851
1512022
1512961
1413727
1413111
1519006
1410187
31302693
1412608
1513697
1613966
1412810
61302027
1411207
1514168
1510164
1414034
1513206
1413312
1410139
1512957
1512689
1411765
1511041
1511050
21302005
21301713
21300676
1710026
1411849
1512985
1514096
1413843
1413129
1512804
1410657
1411520
1511139
1512062
21304530
1710872
1410033
1613321
1512246
K1302009
1511348
1414340
1412619
1551053
1512928
1514060
1713032
1513974
1512585
1552343
81304381
1548041
41304424
1510674
1611578
1412837
1412115
1414363
1413877
41301569
1513464
51301167
1512019
1511828
1510487
51300414
1611914
1414323
1411165
1413401
81302912
1613347
1410822
1512655
1411721
81301412
1411172
81301183
1511514
1710710
1410570
1512943
1513148
1513265
41304312
21301476
1414022
41301115
1512933
1513479
81304501
1513962
1413445
81300840
1513238
1413849
81304463
1414493
K1302721
1410833
1510170
1513104
1412064
51303436
1513826
1413785
1513364
1412274
1513954
1513951
81301181
1411657
81302233
81302324
1414334
1413646
41304769
81303499
41304977
1514032
1613342
1414779
1414213
51300327
1410656
1414648
1513500
1413291
1411936
41302303
1510593
1411380
1513472
1410452
81301353
41300974
1511166
1510719
1411900
21304810
1511901
1412921
1610802
1410176
1613009
1410825
1512286
1500115
1511752
1751037
1414053
1412073
41301568
1412015
81300289
1410799
1513020
1512331
1514026
1414356
81302999
21302898
1411816
1710164
1511206
1411967
1510206
1412900
1510555
1511409
21303752
31301760
1512381
31301481
1413155
1510356
1600071
1510122
1600123
1600135
1600138
1411728
61300636
1551131
1500090
1411315
1713985
1600196
1511148
1600244
41300725
1513489
1410681
1412909
1413814
1513372
1511996
1414753
41302193
1600233
1511192
1511617
41300895
1610110
51303474
51305019
1411773
1411168
1513667
1410700
51303694
1619007
1414239
1619013
1410701
1513653
1412694
1512903
1412875
81304373
1510629
1633470
1513051
1513122
1513747
1713789
1411616
1412255
1512373
1413180
1411251
1551091
1510221
1510027
1510152
81302103
1513796
1510591
1410152
1511693
1513469
61300919
1510917
1611400
51302065
1613740
1513790
1410158
1511875
1413933
1412648
1510497
1410705
1410902
31303359
1412613
1548089
1410437
1410504
1412934
1410752
1510308
1410785
1510641
1512493
1512167
1513805
1520013
1510613
21302848
21300382
1412464
1514164
1513782
1511487
1511249
1513036
1514120
1510813
1413539
1512913
1412230
1510927
1412607
1412895
1512815
41301423
41304453
41304679
1600038
41304338
41304215
41304608
41305041
1512803
1412684
1413240
1413158
1513518
1611260
1548011
1548049
1412641
1511661
21304136
51303399
1510617
51303567
51303576
1512802
1512808
1512371
41305035
51303865
1510481
1510708
21303994
1510746
1511340
1600017
81304966
1512256
1511023
1511051
1510178
1512046
81300668
1512845
1600061
1511619
1712637
81303883
1514115
1711406
51300985
21303348
51301653
1510126
1412646
1411319
1512063
1413277
1512676
51301171
1514117
1513025
1511571
1513476
1513035
51300801
1511267
1414366
1510717
1450013
1450170
1510154
1612650
1510391
1612934
1513620
1410837
1511801
81304437
1510715
1414809
1510563
1512292
1510553
1700001
1513337
41303566
1652745
1414177
1513294
21304568
1511613
1510560
1511234
1412358
1510012
1513044
1511210
21301824
1548059
1512398
1513019
1551028
41304176
1551046
1551106
1513560
1552192
1511355
1552277
1552308
81301697
1511620
1513865
1513802
1414040
1551130
1513471
K1305070
1613898
1413854
1510987
1510609
1552363
1511110
1600226
1511550
1552037
1513280
1514061
1411700
1411361
41303361
1513207
1511364
1512010
1448303
1652651
1413167
41302616
1412484
1411255
1412155
1411979
1410765
1513538
1513712
1711197
1512821
1513922
1513679
61304671
1651031
61303081
1510390
81304166
51300328
41302256
1414851
51301905
1414247
61300785
1448053
41302010
1448032
1448002
1448003
1448023
1448030
1410884
1514052
1513822
1511631
1412943
1412955
1411712
1510101
1411048
1410496
1412662
1410817
1413285
1410988
1511399
41303033
1513021
1410697
1511235
1413178
1511947
1512685
1411473
1411393
1511080
1413042
1512917
1411432
1652363
1510248
1500040
1513103
1711591
31302241
31300011
1412568
1512982
1510419
1510478
1414289
1500203
1552042
1510901
1611201
1513819
1510367
1510797
1651048
1414519
1510903
21302563
1711692
1512695
1511546
1513947
21304117
1513352
1510851
81301306
1511804
1510755
1512147
1413072
1510250
1511119
41300392
1511382
1610381
1413982
1512857
81304489
1510353
1411042
1411149
81302014
81301116
1511444
31302692
1411704
1410271
41301524
1514169
1513006
21301593
1510345
81303624
81300988
21301067
1513190
71301323
1512976
21300731
1414708
1610952
1511889
41300326
81300925
1511578
81303355
1410462
1511195
1410771
1513766
1652789
1752337
1752335
1513005
1752045
1648001
1752405
1752529
1752313
31717051
1652184
81304279
1770461
91303720
1652071
1752143
1652411
1651119
1652345
1752559
1752075
1610060
61304988
71302064
1670669
7140830
1670398
1670711
1670199
7141121
1770011
1414599
1770248
1770158
1670066
1770074
81304854
1770019
1770035
1511239
1410900
1713861
1552085
1412135
81302571
1752623
1414221
1552136
1552152
1413715
1413454
81304103
1411064
1752105
1712128
1752138
1552087
1752137
1752159
21308516
1450231
1752452
1510322
1751011
1713317
1652366
1752084
1413206
1410670
1410321
1413706
1551093
1752210
1652226
1652680
1652643
1652515
1450404
1652547
1752207
1652595
1414487
1412028
1414607
1413800
1751019
1751024
1752587
1411382
1648035
1752466
41300827
1651096
1611912
1652151
1548062
1652534
1752160
1552342
1752232
1752604
1513067
1412134
1752609
1752465
1751114
1710445
1512591
1750033
1611236
1652137
81304151
1613690
1412949
1752526
1752385
1652147
1752054
1752167
1751004
1412261
1651093
1512502
1652642
1752398
1652368
1652578
1712765
1652758
1711185
1610397
1652138
1652174
1651050
1651005
1652113
1651089
1651006
1652292
1752201
1652264
1652584
1511349
1752196
1751002
1752052
1651047
1651012
1651075
1551165
1751076
1651055
1752141
1412817
1670137
1411305
21302240
1750012
1752382
1450010
1751078
1613074
1512986
1552234
1551158
1652290
1414227
41301157
1552396
1450056
1752292
1752249
1710045
1752250
1751048
1652502
41304752
51300942
1510179
1652686
1650015
1410474
81301124
1770227
1770132
1770547
7140743
1670069
31717027
1752133
1751060
1411913
1513965
81300029
81302260
1652610
1751094
1652555
1752566
1752509
1752028
1651091
1551110
1411899
1652288
1450020
81304537
1510104
1752494
1752483
41300946
1751031
1752541
1511607
1752044
1512503
1411210
1670056
1511380
241426236
191727228
61004173
272757948
13510205814
1701001
31151021727
1670376
1670365
31161025704
14540502835
1400066
K39701084
01101401
25081703
25081704
25081709
25081705
18081701
01091601
1578001
61104433
61305049
61305006
1578002
1678001
61204749
61305024
61305048
1779003
31081708
1414990
1414983
18081702
312394248
1550014
321483454
16521160137
28031401
1650117
1613224
334685725
312364285
312405152
4101701068
079199002199
1411124
61101879
312040646
71000036
1652111
61203081
40902335
1570053
1652687
41302551
41200963
41003887
201753611
41003843
221493719
41001331
03031401
264504171
1452034
1552075
291142832
1651046
1570030
81203310
1670632
312405599
230817556
91304472
03101601
285759754
225766603
225715041
272488513
1552078
273715703
301438372
1414624
231269489
K1302328
312231057
1448042
1611082
164664014
312374544
1512634
1412854
1620017
1513463
142344334
1510401
81300146
15540300678
301583579
1712187
80901790
1751068
1752600
1752071
22081704
1752068
352535698
1670532
1552159
1510824
1610135
41304812
1411671
81201588
1751111
251162126
1752281
1752327
1511591
1552063
1511573
1670297
561274748
537879402
524223023
03011828
571773887
578947149
579904029
547095251
552418053
516798429
569308444
570826788
525955607
525852065
549711419
526979238
577094280
527264956
577442111
527345227
565527233
568955977
571727913
564811188
569168645
535385496
565322612
571480004
544161287
527783660
554943454
538430414
272615013
1652453
312255741
334861852
312394238
1512581
05091201
1448086
366161153
1711625
1410899
25081707
71202481
251038067
301358178
K1302124
1414597
02081601
312364136
272834585
250876650
092197000053
1513605
072192000068
24081201
1752129
21003679
61102218
1752267
21103899
1752004
K1301513
312364470
231137931
082197000014
1650040
301679908
312231267
1650048
352170000
